[gd_scene load_steps=6 format=2]

[ext_resource path="res://characters/king_william_iii/king_wIII.tscn" type="PackedScene" id=1]

[sub_resource type="SpatialMaterial" id=1]

render_priority = 0
flags_transparent = false
flags_unshaded = false
flags_vertex_lighting = false
flags_no_depth_test = false
flags_use_point_size = false
flags_world_triplanar = false
flags_fixed_size = false
vertex_color_use_as_albedo = false
vertex_color_is_srgb = false
params_diffuse_mode = 1
params_specular_mode = 0
params_blend_mode = 0
params_cull_mode = 0
params_depth_draw_mode = 0
params_line_width = 1.0
params_point_size = 1.0
params_billboard_mode = 0
params_grow = false
params_use_alpha_scissor = false
albedo_color = Color( 0.140625, 0.140625, 0.140625, 1 )
metallic = 0.39
metallic_specular = 0.5
metallic_texture_channel = 0
roughness = 0.56
roughness_texture_channel = 0
emission_enabled = false
normal_enabled = false
rim_enabled = false
clearcoat_enabled = false
anisotropy_enabled = false
ao_enabled = false
depth_enabled = false
subsurf_scatter_enabled = false
transmission_enabled = false
refraction_enabled = false
detail_enabled = false
uv1_scale = Vector3( 1, 1, 1 )
uv1_offset = Vector3( 0, 0, 0 )
uv1_triplanar = false
uv1_triplanar_sharpness = 1.0
uv2_scale = Vector3( 1, 1, 1 )
uv2_offset = Vector3( 0, 0, 0 )
uv2_triplanar = false
uv2_triplanar_sharpness = 1.0
proximity_fade_enable = false
distance_fade_enable = false
_sections_unfolded = [ "Albedo", "Metallic", "Roughness" ]

[sub_resource type="QuadMesh" id=2]

material = SubResource( 1 )
size = Vector2( 10, 10 )

[sub_resource type="ProceduralSky" id=3]

radiance_size = 4
sky_top_color = Color( 0.0732727, 0.125112, 0.191406, 1 )
sky_horizon_color = Color( 0.556863, 0.823529, 0.909804, 1 )
sky_curve = 0.25
sky_energy = 1.0
ground_bottom_color = Color( 0.101961, 0.145098, 0.188235, 1 )
ground_horizon_color = Color( 0.482353, 0.788235, 0.952941, 1 )
ground_curve = 0.01
ground_energy = 1.0
sun_color = Color( 1, 1, 1, 1 )
sun_latitude = 35.0
sun_longitude = 0.0
sun_angle_min = 1.0
sun_angle_max = 100.0
sun_curve = 0.05
sun_energy = 16.0
texture_size = 2
_sections_unfolded = [ "Sky" ]

[sub_resource type="Environment" id=4]

background_mode = 3
background_sky = SubResource( 3 )
background_sky_custom_fov = 0.0
background_color = Color( 0, 0, 0, 1 )
background_energy = 1.0
background_canvas_max_layer = 0
ambient_light_color = Color( 0, 0, 0, 1 )
ambient_light_energy = 1.0
ambient_light_sky_contribution = 1.0
fog_enabled = false
fog_color = Color( 0.5, 0.6, 0.7, 1 )
fog_sun_color = Color( 1, 0.9, 0.7, 1 )
fog_sun_amount = 0.0
fog_depth_enabled = true
fog_depth_begin = 10.0
fog_depth_curve = 1.0
fog_transmit_enabled = false
fog_transmit_curve = 1.0
fog_height_enabled = false
fog_height_min = 0.0
fog_height_max = 100.0
fog_height_curve = 1.0
tonemap_mode = 0
tonemap_exposure = 1.0
tonemap_white = 1.0
auto_exposure_enabled = false
auto_exposure_scale = 0.4
auto_exposure_min_luma = 0.05
auto_exposure_max_luma = 8.0
auto_exposure_speed = 0.5
ss_reflections_enabled = false
ss_reflections_max_steps = 64
ss_reflections_fade_in = 0.15
ss_reflections_fade_out = 2.0
ss_reflections_depth_tolerance = 0.2
ss_reflections_roughness = true
ssao_enabled = true
ssao_radius = 1.0
ssao_intensity = 1.0
ssao_radius2 = 0.0
ssao_intensity2 = 1.0
ssao_bias = 0.01
ssao_light_affect = 0.0
ssao_color = Color( 0, 0, 0, 1 )
ssao_quality = 0
ssao_blur = 3
ssao_edge_sharpness = 4.0
dof_blur_far_enabled = false
dof_blur_far_distance = 10.0
dof_blur_far_transition = 5.0
dof_blur_far_amount = 0.1
dof_blur_far_quality = 1
dof_blur_near_enabled = false
dof_blur_near_distance = 2.0
dof_blur_near_transition = 1.0
dof_blur_near_amount = 0.1
dof_blur_near_quality = 1
glow_enabled = true
glow_levels/1 = false
glow_levels/2 = false
glow_levels/3 = true
glow_levels/4 = false
glow_levels/5 = true
glow_levels/6 = true
glow_levels/7 = true
glow_intensity = 3.0
glow_strength = 1.0
glow_bloom = 0.05
glow_blend_mode = 1
glow_hdr_threshold = 1.0
glow_hdr_scale = 2.0
glow_bicubic_upscale = false
adjustment_enabled = false
adjustment_brightness = 1.0
adjustment_contrast = 1.0
adjustment_saturation = 1.0
_sections_unfolded = [ "Background", "Glow", "Glow/levels" ]

[node name="Spatial" type="Spatial"]

[node name="Camera" type="Camera" parent="."]

transform = Transform( 0.30307, -0.203767, -0.930928, 0, 0.976872, -0.213824, 0.952968, 0.0648036, 0.296061, -1.71668, 1.77172, 0.730499 )
projection = 0
fov = 70.0
near = 0.05
far = 100.0
keep_aspect = 1
current = false
cull_mask = 1048575
environment = null
h_offset = 0.0
v_offset = 0.0
doppler/tracking = 0

[node name="GIProbe" type="GIProbe" parent="."]

transform = Transform( 0.465748, 0, -0.884917, 0, 1, 0, 0.884917, 0, 0.465748, -3.6815, -0.151336, -1.54844 )
layers = 1
subdiv = 1
extents = Vector3( 10, 10, 10 )
dynamic_range = 4
energy = 1.0
propagation = 0.7
bias = 1.5
normal_bias = 0.0
interior = false
compress = false
data = null

[node name="OmniLight" type="OmniLight" parent="."]

transform = Transform( 0.465748, 0, -0.884917, 0, 1, 0, 0.884917, 0, 0.465748, -2.40802, 4.26623, -1.36878 )
layers = 1
light_color = Color( 1, 0.398438, 0, 1 )
light_energy = 1.0
light_indirect_energy = 1.0
light_negative = false
light_specular = 0.5
light_cull_mask = -1
shadow_enabled = true
shadow_color = Color( 0, 0, 0, 1 )
shadow_bias = 0.55
shadow_contact = 0.36
shadow_reverse_cull_face = false
editor_only = false
omni_range = 5.0
omni_attenuation = 1.0
omni_shadow_mode = 1
omni_shadow_detail = 1
_sections_unfolded = [ "Light", "Omni", "Shadow" ]

[node name="OmniLight2" type="OmniLight" parent="."]

transform = Transform( 0.465748, 0, -0.884917, 0, 1, 0, 0.884917, 0, 0.465748, -0.897847, 1.65594, 1.50053 )
layers = 1
light_color = Color( 1, 0.328125, 0, 1 )
light_energy = 1.0
light_indirect_energy = 1.0
light_negative = false
light_specular = 0.5
light_cull_mask = -1
shadow_enabled = true
shadow_color = Color( 0, 0, 0, 1 )
shadow_bias = 0.01
shadow_contact = 0.29
shadow_reverse_cull_face = false
editor_only = false
omni_range = 5.0
omni_attenuation = 1.0
omni_shadow_mode = 1
omni_shadow_detail = 1
_sections_unfolded = [ "Light", "Omni", "Shadow" ]

[node name="MeshInstance" type="MeshInstance" parent="."]

transform = Transform( 0.465748, 0, -0.884917, 0, 1, 0, 0.884917, 0, 0.465748, 0.0696383, 4.34906, -2.7743 )
layers = 1
material_override = null
cast_shadow = 1
extra_cull_margin = 0.0
use_in_baked_light = false
lod_min_distance = 0.0
lod_min_hysteresis = 0.0
lod_max_distance = 0.0
lod_max_hysteresis = 0.0
mesh = SubResource( 2 )
skeleton = NodePath("..")
material/0 = null

[node name="MeshInstance2" type="MeshInstance" parent="."]

transform = Transform( 0.465748, 0.884917, 3.8681e-08, 0, -4.37114e-08, 1, 0.884917, -0.465748, -2.03585e-08, -4.24243, -0.151336, -0.504784 )
layers = 1
material_override = null
cast_shadow = 1
extra_cull_margin = 0.0
use_in_baked_light = false
lod_min_distance = 0.0
lod_min_hysteresis = 0.0
lod_max_distance = 0.0
lod_max_hysteresis = 0.0
mesh = SubResource( 2 )
skeleton = NodePath("..")
material/0 = null

[node name="MeshInstance3" type="MeshInstance" parent="."]

transform = Transform( 3.8681e-08, -0.884917, -0.465748, -1, -4.37114e-08, 0, -2.03585e-08, 0.465748, -0.884917, -2.07253, 4.59963, 3.61801 )
layers = 1
material_override = null
cast_shadow = 1
extra_cull_margin = 0.0
use_in_baked_light = false
lod_min_distance = 0.0
lod_min_hysteresis = 0.0
lod_max_distance = 0.0
lod_max_hysteresis = 0.0
mesh = SubResource( 2 )
skeleton = NodePath("..")
material/0 = null
_sections_unfolded = [ "Transform" ]

[node name="WorldEnvironment" type="WorldEnvironment" parent="."]

environment = SubResource( 4 )

[node name="player2" parent="." instance=ExtResource( 1 )]

transform = Transform( 0.0490812, 0, -0.998795, 0, 1, 0, 0.998795, 0, 0.0490812, 0.228047, 0, 0.317286 )


